# Created by Octave 3.8.1, Sat Apr 08 23:45:29 2017 CEST <zdenek@zdenek-desktop>
# name: d
# type: matrix
# rows: 1
# columns: 16
 -0 -0.06247138889736625 -0.1249427777947325 -0.1874141666920988 -0.249885555589465 -0.3123569444868313 -0.3748283333841975 -0.4372997222815638 -0.49977111117893 -0.5622425000762963 -0.6247138889736625 -0.6871852778710288 -0.749656666768395 -0.8121280556657613 -0.8745994445631275 -0.9370708334604938


