# Created by Octave 3.8.1, Sat Apr 08 09:38:27 2017 CEST <zdenek@zdenek-desktop>
# name: d
# type: matrix
# rows: 1
# columns: 15
 0 0 0 0 1 1 1 1 0 0 0 0 1 1 1


# name: e
# type: matrix
# rows: 1
# columns: 5
 0 0 0 0 1


